distance_cost_matrix: [
  [-1.000000, 33.000000, 34.000000, 32.000000, 0.000000, 1.000000, 2.000000, 3.000000, 4.000000, 5.000000, 6.000000, 11.000000, 12.000000, 13.000000, 14.000000, 15.000000, 16.000000, 17.000000, 18.000000, 19.000000, 20.000000, 23.000000, 24.000000, 25.000000, 26.000000, 27.000000, 28.000000, 29.000000, 30.000000],
  [33.000000, -1.000000, -1.000000, -1.000000, 589.999878, 514.424011, 491.249817, 519.940247, 598.930054, 613.376770, 775.361572, 581.837830, 474.347412, 379.394440, 488.132416, 622.360107, 507.275513, 411.801697, 315.582245, 225.833145, 161.855133, 137.580551, 215.481491, 312.750031, 410.253052, 510.111725, 612.183838, 695.904541, 732.137939],
  [34.000000, -1.000000, -1.000000, -1.000000, 587.863831, 510.362732, 485.347900, 512.960266, 591.490234, 605.921448, 717.770874, 574.425598, 461.742462, 366.421661, 491.666382, 625.894104, 499.813263, 404.343353, 308.163361, 218.897385, 154.626434, 141.705978, 221.263626, 319.142853, 416.910370, 516.921387, 619.083496, 702.898438, 738.671387],
  [32.000000, -1.000000, -1.000000, -1.000000, 584.490845, 506.286804, 480.869476, 508.552155, 587.517334, 602.023804, 713.819824, 570.941223, 458.616364, 363.420410, 495.741547, 629.969238, 495.997406, 400.636475, 304.663879, 215.808395, 151.625214, 145.865936, 225.737961, 323.640900, 421.387695, 521.373108, 623.513611, 707.299011, 743.162292],
  [0.000000, 589.999878, 587.863831, 584.490845, -1.000000, 173.869827, 343.248260, 494.468842, 669.775696, 694.944580, 804.628906, 750.424011, 757.460754, 817.481934, 986.105469, 1165.427979, 652.152893, 625.564453, 614.480042, 619.006165, 638.204407, 723.618286, 779.314148, 849.608521, 923.666626, 1002.778320, 1087.402222, 1154.248291, 1227.094971],
  [1.000000, 514.424011, 510.362732, 506.286804, 173.869827, -1.000000, 169.378479, 320.599701, 495.905884, 521.074768, 630.759155, 578.071655, 596.409119, 681.122070, 858.836853, 1044.982300, 480.856720, 461.950562, 464.599609, 486.878204, 526.141052, 651.986450, 723.359924, 808.345520, 894.431152, 983.948364, 1077.328491, 1151.949341, 1211.586060],
  [2.000000, 491.249817, 485.347900, 480.869476, 343.248260, 169.378479, -1.000000, 151.224457, 326.527466, 351.696320, 461.380676, 411.372833, 448.735687, 568.216980, 752.882751, 943.692078, 316.653320, 313.291962, 341.121033, 390.831848, 455.778870, 623.942200, 706.603333, 802.932068, 897.844482, 994.778137, 1094.184937, 1174.585083, 1220.208008],
  [3.000000, 519.940247, 512.960266, 508.552155, 494.468842, 320.599701, 151.224457, -1.000000, 175.311539, 200.482346, 310.167969, 265.875092, 335.769012, 496.664001, 681.584351, 872.560486, 179.159164, 210.326172, 277.050568, 356.278687, 442.415253, 658.750061, 728.276855, 829.200867, 928.706787, 1029.502197, 1131.960205, 1215.844727, 1249.104492],
  [4.000000, 598.930054, 591.490234, 587.517334, 669.775696, 495.905884, 326.527466, 175.311539, -1.000000, 25.171684, 134.785995, 115.126907, 256.819458, 461.776550, 632.497253, 815.349121, 99.097115, 195.069000, 294.467346, 390.442169, 486.643005, 746.354797, 847.196899, 961.811462, 1068.334839, 1181.539673, 1295.467163, 1382.899170, 1300.854614],
  [5.000000, 613.376770, 605.921448, 602.023804, 694.944580, 521.074768, 351.696320, 200.482346, 25.171684, -1.000000, 113.172684, 100.076668, 253.321548, 461.817657, 628.933105, 809.703064, 107.818352, 205.251953, 305.065369, 401.240784, 497.563019, 756.568604, 857.405884, 972.017517, 1078.536621, 1191.740967, 1305.665161, 1393.094604, 1309.882812],
  [6.000000, 775.361572, 717.770874, 713.819824, 804.628906, 630.759155, 461.380676, 310.167969, 134.785995, 113.172684, -1.000000, 192.211472, 356.891693, 568.381714, 730.387085, 908.009338, 220.980789, 318.400177, 418.212677, 514.387451, 610.709229, 879.478760, 980.318542, 1094.935913, 1201.454102, 1314.664551, 1428.588989, 1516.014771, 1422.846313],
  [11.000000, 581.837830, 574.425598, 570.941223, 750.424011, 578.071655, 411.372833, 265.875092, 115.126907, 100.076668, 192.211472, -1.000000, 169.115906, 381.559631, 539.156677, 715.848022, 100.747185, 174.726822, 266.280640, 358.694977, 452.822632, 706.967712, 746.809753, 850.314575, 950.763550, 1052.577271, 1155.631958, 1242.365601, 1251.728882],
  [12.000000, 474.347412, 461.742462, 458.616364, 757.460754, 596.409119, 448.735687, 335.769012, 256.819458, 253.321548, 356.891693, 169.115906, -1.000000, 212.443726, 375.827667, 559.059143, 171.480453, 135.636505, 162.812531, 230.601913, 313.733063, 504.034332, 595.116516, 696.644836, 795.727051, 896.558594, 998.773438, 1085.543335, 1089.558472],
  [13.000000, 379.394440, 366.421661, 363.420410, 817.481934, 681.122070, 568.216980, 496.664001, 461.776550, 461.817657, 568.381714, 381.559631, 212.443726, -1.000000, 185.884995, 377.437042, 366.977631, 290.242218, 227.651169, 198.614380, 213.523438, 343.762299, 423.751129, 517.502686, 611.690491, 709.178955, 808.805725, 894.956543, 889.548035],
  [14.000000, 488.132416, 491.666382, 495.741547, 986.105469, 858.836853, 752.882751, 681.584351, 632.497253, 628.933105, 730.387085, 539.156677, 375.827667, 185.884995, -1.000000, 191.552094, 542.539307, 473.243256, 413.225830, 371.958893, 352.763245, 391.883423, 440.915894, 509.540466, 586.331726, 671.120422, 760.848450, 842.708191, 814.801697],
  [15.000000, 622.360107, 625.894104, 629.969238, 1165.427979, 1044.982300, 943.692078, 872.560486, 815.349121, 809.703064, 908.009338, 715.848022, 559.059143, 377.437042, 191.552094, -1.000000, 728.797241, 663.487366, 604.662231, 559.110352, 527.305237, 512.308960, 531.162964, 568.915222, 620.454956, 684.676086, 757.534302, 830.158142, 777.927002],
  [16.000000, 507.275513, 499.813263, 495.997406, 652.152893, 480.856720, 316.653320, 179.159164, 99.097115, 107.818352, 220.980789, 100.747185, 171.480453, 366.977631, 542.539307, 728.797241, -1.000000, 97.439896, 197.250534, 293.425140, 389.746979, 640.606506, 741.447571, 856.058899, 962.583191, 1075.784546, 1189.712158, 1277.146484, 1202.540283],
  [17.000000, 411.801697, 404.343353, 400.636475, 625.564453, 461.950562, 313.291962, 210.326172, 195.069000, 205.251953, 318.400177, 174.726822, 135.636505, 290.242218, 473.243256, 663.487366, 97.439896, -1.000000, 99.813713, 195.989227, 292.311523, 534.933167, 635.775330, 750.382507, 856.911194, 970.106445, 1084.036499, 1171.476318, 1105.785645],
  [18.000000, 315.582245, 308.163361, 304.663879, 614.480042, 464.599609, 341.121033, 277.050568, 294.467346, 305.065369, 418.212677, 266.280640, 162.812531, 227.651169, 413.225830, 604.662231, 197.250534, 99.813713, -1.000000, 96.175522, 192.497818, 426.657104, 527.499390, 642.099487, 748.633423, 861.820190, 975.752808, 1063.199097, 1006.666809],
  [19.000000, 225.833145, 218.897385, 215.808395, 619.006165, 486.878204, 390.831848, 356.278687, 390.442169, 401.240784, 514.387451, 358.694977, 230.601913, 198.614380, 371.958893, 559.110352, 293.425140, 195.989227, 96.175522, -1.000000, 96.322289, 321.838379, 422.669800, 537.250793, 643.787842, 756.959351, 870.892578, 958.346130, 911.306763],
  [20.000000, 161.855133, 154.626434, 151.625214, 638.204407, 526.141052, 455.778870, 442.415253, 486.643005, 497.563019, 610.709229, 452.822632, 313.733063, 213.523438, 352.763245, 527.305237, 389.746979, 292.311523, 192.497818, 96.322289, -1.000000, 216.961044, 317.753235, 432.292053, 538.829285, 651.975769, 765.907776, 853.369873, 864.940552],
  [23.000000, 137.580551, 141.705978, 145.865936, 723.618286, 651.986450, 623.942200, 658.750061, 746.354797, 756.568604, 879.478760, 706.967712, 504.034332, 343.762299, 391.883423, 512.308960, 640.606506, 534.933167, 426.657104, 321.838379, 216.961044, -1.000000, 94.528503, 199.006470, 300.164459, 402.457825, 506.007965, 592.196106, 615.002258],
  [24.000000, 215.481491, 221.263626, 225.737961, 779.314148, 723.359924, 706.603333, 728.276855, 847.196899, 857.405884, 980.318542, 746.809753, 595.116516, 423.751129, 440.915894, 531.162964, 741.447571, 635.775330, 527.499390, 422.669800, 317.753235, 94.528503, -1.000000, 104.480179, 205.638062, 307.930023, 411.480469, 497.679413, 522.034424],
  [25.000000, 312.750031, 319.142853, 323.640900, 849.608521, 808.345520, 802.932068, 829.200867, 961.811462, 972.017517, 1094.935913, 850.314575, 696.644836, 517.502686, 509.540466, 568.915222, 856.058899, 750.382507, 642.099487, 537.250793, 432.292053, 199.006470, 104.480179, -1.000000, 101.158081, 203.451889, 307.001617, 393.246368, 419.855103],
  [26.000000, 410.253052, 416.910370, 421.387695, 923.666626, 894.431152, 897.844482, 928.706787, 1068.334839, 1078.536621, 1201.454102, 950.763550, 795.727051, 611.690491, 586.331726, 620.454956, 962.583191, 856.911194, 748.633423, 643.787842, 538.829285, 300.164459, 205.638062, 101.158081, -1.000000, 102.296227, 205.844254, 292.153717, 322.419342],
  [27.000000, 510.111725, 516.921387, 521.373108, 1002.778320, 983.948364, 994.778137, 1029.502197, 1181.539673, 1191.740967, 1314.664551, 1052.577271, 896.558594, 709.178955, 671.120422, 684.676086, 1075.784546, 970.106445, 861.820190, 756.959351, 651.975769, 402.457825, 307.930023, 203.451889, 102.296227, -1.000000, 103.550751, 189.937958, 227.660751],
  [28.000000, 612.183838, 619.083496, 623.513611, 1087.402222, 1077.328491, 1094.184937, 1131.960205, 1295.467163, 1305.665161, 1428.588989, 1155.631958, 998.773438, 808.805725, 760.848450, 757.534302, 1189.712158, 1084.036499, 975.752808, 870.892578, 765.907776, 506.007965, 411.480469, 307.001617, 205.844254, 103.550751, -1.000000, 86.788933, 142.008194],
  [29.000000, 695.904541, 702.898438, 707.299011, 1154.248291, 1151.949341, 1174.585083, 1215.844727, 1382.899170, 1393.094604, 1516.014771, 1242.365601, 1085.543335, 894.956543, 842.708191, 830.158142, 1277.146484, 1171.476318, 1063.199097, 958.346130, 853.369873, 592.196106, 497.679413, 393.246368, 292.153717, 189.937958, 86.788933, -1.000000, 112.021866],
  [30.000000, 732.137939, 738.671387, 743.162292, 1227.094971, 1211.586060, 1220.208008, 1249.104492, 1300.854614, 1309.882812, 1422.846313, 1251.728882, 1089.558472, 889.548035, 814.801697, 777.927002, 1202.540283, 1105.785645, 1006.666809, 911.306763, 864.940552, 615.002258, 522.034424, 419.855103, 322.419342, 227.660751, 142.008194, 112.021866, -1.000000],
]